6048.39 1145380
6026.17 1145060
5954.16 1138710
5872.18 1121700
5855.01 1121500
5796.13 1115050
5757.85 1108950
5760.90 1113280
5707.28 1106500
5688.56 1105430
5681.58 1105400
5635.73 1104460
5387.51 1054060
5220.56 1032800
5169.08 980364
5059.06 978212
5016.87 974561
4602.43 970536
5566.18 1062210
6100.42 1269610
9791.58 1377340
6591.08 1367250
8434.73 1376950
8048.55 1375430
7624.24 1374750
6031.90 1139720
5784.81 1113140
5557.44 1039360
5249.67 996270
5228.23 995896
5068.21 977868
4691.09 966621
5725.88 1057740
5653.99 1048650
6412.07 1190070
6160.70 1157300
6776.32 1284110
6638.61 1283520
7431.84 1287960
9356.08 1375720
8587.10 1375500
7793.26 1299740
7827.78 1372900
6111.55 1137610
6094.72 1126010
6079.29 1112050
6015.27 1106930
5974.06 1101010
5960.43 1100000
5919.94 1096870
5233.01 994251
5090.17 971706
5027.72 960749
4821.21 936296
4856.74 960499
5068.65 964766
4731.81 897940
6605.51 1183600
6470.43 1179680
6219.60 1152420
7169.42 1257620
7043.02 1237830
6760.46 1213110
6973.76 1225000
6693.66 1196320
6653.84 1194780
7306.49 1257880
7461.11 1258950
7536.13 1281500
7560.22 1282980
9645.19 1374880
7918.85 1292990
8180.17 130118062638 973805
56866.3 952088
56956.7 976453
56257.3 994997
56079.4 996128
55883.7 977614
