4029.42 20620
4065.92 26792
4488.85 27572
3701.86 20006
4752.28 39577
7234.28 42307
5481.44 40051
4605.15 35691
6341.06 41254
5702.94 41060
4428.27 21596
3714.59 18437
8611.96 41935
5506.22 32136
4676.96 22583
4615.81 22364
5183.39 32130
6172.42 40633
4115.96 18269
5502.92 32036
5193.77 31625
6358.05 32228
6948.47 33107
7017.70 33635
6932.53 33023
6628.42 32314
8150.01 38878
106325 37945
97459.1 39712
80225.3 39452
78430 39810
77340.9 38576
71744.5 38380
88745.8 39922
88516.1 38846
82660.2 38365
82607.2 39160
75867.7 37777
91805.1 38054
86379.2 39428
79588 38969
64628.1 39461
8003.67 38805
7601.32 37274
6213.1 41454
96582.1 38569
90484.7 40040
83508.6 39712
80160.9 40090
73404.4 39234
47352 32635
38164.6 31131
37740.1 31736
38164.2 32520
37284.9 31535
37322.6 31528
41855.3 33034
41544.6 31616
39705.8 31227
38937.8 31136
37725.5 31727
13042.1 32633
7316.6 30731
5452.92 25154
3254.53 18833
6096.71 38785
5561.29 38164
4798.8 38300
7547.5 30577
6919.22 31336
6298.87 32612
6040.04 31788
12374.3 31907
10238.3 32234
8819.64 33221
5941.3 32331
3743.14 20509
8961.98 39689
6065.77 37032
5330.95 34668
10635.1 40107
7242.45 40325
6722.43 39838
8620.41 39214
8039.45 37743
7866.92 40096
7550.4 40600
6799.3 40627
9240.67 39825
7379.28 39827
4650.04 36207
6220.99 41225
3551.05 27650
