-1e+09 -1e+09
8.50952e+10 3.50642e+06
8.53743e+10 3.50242e+06
8.48208e+10 3.48512e+06
8.50641e+10 3.49092e+06
8.48885e+10 3.50252e+06
8.49748e+10 3.51512e+06
8.53061e+10 3.49472e+06
8.4942e+10 3.50602e+06
8.5242e+10 3.49142e+06
8.49989e+10 3.50232e+06
8.5436e+10 3.50282e+06
8.51126e+10 3.48312e+06
8.4897e+10 3.49662e+06
8.46845e+10 3.51542e+06
8.48186e+10 3.49322e+06
8.48496e+10 3.49422e+06
8.51543e+10 3.50042e+06
8.49106e+10 3.50312e+06
8.50556e+10 3.50662e+06
8.50932e+10 3.50132e+06
8.53268e+10 3.50412e+06
8.45325e+10 3.49402e+06
8.49422e+10 3.50072e+06
8.48355e+10 3.50082e+06
8.49891e+10 3.49812e+06
8.5167e+10 3.49582e+06
8.52142e+10 3.49752e+06
8.46092e+10 3.50362e+06
8.52302e+10 3.49612e+06
8.49603e+10 3.51032e+06
8.52175e+10 3.49892e+06
8.5217e+10 3.50422e+06
8.50245e+10 3.51182e+06
8.51087e+10 3.50882e+06
8.46784e+10 3.50322e+06
8.49709e+10 3.49212e+06
8.51423e+10 3.48882e+06
8.48961e+10 3.50392e+06
8.52075e+10 3.49772e+06
8.52391e+10 3.50582e+06
8.50455e+10 3.49882e+06
8.5177e+10 3.48862e+06
8.5295e+10 3.49672e+06
8.52412e+10 3.49912e+06
8.47949e+10 3.50112e+06
8.51598e+10 3.49832e+06
8.45919e+10 3.51302e+06
8.49183e+10 3.49742e+06
8.50866e+10 3.49342e+06
8.50513e+10 3.50762e+06
8.46158e+10 3.49742e+06
8.51617e+10 3.49812e+06
8.5208e+10 3.49522e+06
8.50208e+10 3.49612e+06
8.50938e+10 3.51032e+06
8.49659e+10 3.50452e+06
8.55156e+10 3.48982e+06
8.52784e+10 3.48762e+06
8.5015e+10 3.49162e+06
8.53207e+10 3.49482e+06
8.52666e+10 3.49382e+06
8.48834e+10 3.50242e+06
8.50901e+10 3.51232e+06
8.49988e+10 3.50882e+06
8.49392e+10 3.51292e+06
8.53651e+10 3.49142e+06
8.51853e+10 3.48452e+06
8.4555e+10 3.50862e+06
8.5417e+10 3.48592e+06
8.55006e+10 3.49212e+06
8.49664e+10 3.50912e+06
8.50652e+10 3.48652e+06
8.54709e+10 3.49292e+06
8.50038e+10 3.49832e+06
8.51445e+10 3.49102e+06
8.49822e+10 3.50462e+06
8.49537e+10 3.49002e+06
8.48511e+10 3.50872e+06
8.5196e+10 3.50142e+06
8.45838e+10 3.49242e+06
8.49558e+10 3.50502e+06
8.50646e+10 3.49352e+06
8.5014e+10 3.48992e+06
8.45168e+10 3.50742e+06
8.44367e+10 3.49662e+06
8.50665e+10 3.49652e+06
8.45052e+10 3.49782e+06
8.51621e+10 3.50002e+06
8.46466e+10 3.50132e+06
8.55167e+10 3.49122e+06
8.49955e+10 3.51072e+06
8.53177e+10 3.50202e+06
8.48913e+10 3.49572e+06
8.51337e+10 3.50162e+06
8.54239e+10 3.48882e+06
8.46511e+10 3.50062e+06
8.5176e+10 3.48342e+06
8.50126e+10 3.49882e+06
8.47454e+10 3.49642e+06
8.47202e+10 3.50862e+06
8.49031e+10 3.50422e+06
8.54118e+10 3.49622e+06
8.51692e+10 3.49492e+06
8.48297e+10 3.50212e+06
8.51503e+10 3.49122e+06
8.48585e+10 3.49892e+06
8.54227e+10 3.48942e+06
8.51812e+10 3.49032e+06
8.48442e+10 3.50162e+06
8.50093e+10 3.49852e+06
8.47861e+10 3.50482e+06
8.48278e+10 3.51102e+06
8.45675e+10 3.50602e+06
8.48865e+10 3.49182e+06
8.51881e+10 3.49652e+06
8.52806e+10 3.50142e+06
8.45992e+10 3.50362e+06
8.53014e+10 3.49232e+06
8.48226e+10 3.49812e+06
8.50156e+10 3.50682e+06
8.49478e+10 3.48752e+06
8.48194e+10 3.50012e+06
8.46937e+10 3.50452e+06
8.4818e+10 3.50522e+06
8.48011e+10 3.51832e+06
8.5441e+10 3.49942e+06
8.5031e+10 3.49902e+06
8.48704e+10 3.50812e+06
8.51964e+10 3.50332e+06
8.50721e+10 3.48512e+06
8.50557e+10 3.50932e+06
8.50093e+10 3.49912e+06
8.49644e+10 3.50082e+06
8.5032e+10 3.50352e+06
8.48348e+10 3.50832e+06
8.48907e+10 3.49422e+06
8.48208e+10 3.51022e+06
8.54449e+10 3.48642e+06
8.51932e+10 3.50102e+06
8.50172e+10 3.50512e+06
8.51181e+10 3.50552e+06
8.50824e+10 3.49762e+06
8.52687e+10 3.49982e+06
8.53637e+10 3.51002e+06
8.55384e+10 3.49732e+06
1.12642e+10 3.48972e+06
1.12926e+10 3.49282e+06
1.12639e+10 3.48932e+06
1.14948e+10 3.50082e+06
1.13001e+10 3.48532e+06
1.13606e+10 3.50252e+06
1.1346e+10 3.50542e+06
1.14902e+10 3.50272e+06
1.13211e+10 3.50202e+06
1.1303e+10 3.50092e+06
1.13498e+10 3.48482e+06
1.14585e+10 3.49872e+06
1.12023e+10 3.49692e+06
1.1201e+10 3.48572e+06
1.13026e+10 3.49522e+06
1.13022e+10 3.49242e+06
1.12555e+10 3.49392e+06
1.12709e+10 3.50772e+06
1.14024e+10 3.48952e+06
1.12836e+10 3.49912e+06
1.14612e+10 3.51062e+06
1.12961e+10 3.49732e+06
1.13629e+10 3.51982e+06
1.13863e+10 3.50742e+06
1.14163e+10 3.50652e+06
1.12862e+10 3.49122e+06
1.12603e+10 3.49262e+06
1.12782e+10 3.50592e+06
1.12725e+10 3.50342e+06
1.13023e+10 3.49822e+06
1.13953e+10 3.48982e+06
1.13073e+10 3.50662e+06
1.13295e+10 3.50062e+06
1.13796e+10 3.51122e+06
1.12414e+10 3.49752e+06
1.13912e+10 3.48382e+06
1.14008e+10 3.50152e+06
1.12985e+10 3.50582e+06
1.12786e+10 3.50032e+06
1.13174e+10 3.49942e+06
1.13385e+10 3.49322e+06
1.13228e+10 3.48672e+06
1.12987e+10 3.49762e+06
1.13287e+10 3.50552e+06
1.12878e+10 3.49372e+06
1.12259e+10 3.49432e+06
1.12034e+10 3.49112e+06
8.27016e+09 525868
8.24011e+09 534015
7.77701e+09 65115
7.76801e+09 139233
7.77218e+09 322778
1.12617e+10 3.50222e+06
1.11581e+10 3.49502e+06
8.40751e+09 809718
8.4016e+09 704782
8.3104e+09 590081
8.24253e+09 575244
7.55246e+09 153105
7.50746e+09 126839
7.46759e+09 100394
7.44991e+09 177102
Pareto front values: 
-1000000000.00000 1000000000.00000
11202300000.00000 -3496920.00000
11270900000.00000 -3507720.00000
11362900000.00000 -3519820.00000
11241400000.00000 -3497520.00000
8240110000.00000 -534015.00000
7772180000.00000 -322778.00000
11261700000.00000 -3502220.00000
11158100000.00000 -3495020.00000
8407510000.00000 -809718.00000
8401600000.00000 -704782.00000
8310400000.00000 -590081.00000
8242530000.00000 -575244.00000
7449910000.00000 -177102.00000
11278200000.00000 -3505920.00000
11272500000.00000 -3503420.00000
11307300000.00000 -3506620.00000
84684500000.00000 -3515420.00000
84591900000.00000 -3513020.00000
84801100000.00000 -3518320.00000
11379600000.00000 -3511220.00000
11201000000.00000 -3485720.00000
11225900000.00000 -3494320.00000
11203400000.00000 -3491120.00000
8270160000.00000 -525868.00000
7552460000.00000 -153105.00000
7507460000.00000 -126839.00000
7467590000.00000 -100394.00000
11298500000.00000 -3505820.00000
11278600000.00000 -3500320.00000
84974800000.00000 -3515120.00000
84939200000.00000 -3512920.00000
84827800000.00000 -3511020.00000
11461200000.00000 -3510620.00000
11386300000.00000 -3507420.00000
11255500000.00000 -3493920.00000
7768010000.00000 -139233.00000
